6991;7439
6991;7887
6991;8559
6991;9455
6991;6992
6991;7440
6991;8112
6991;8336
6991;9232
7439;7887
7439;8559
7439;9455
7439;6992
7439;7440
7439;8112
7439;8336
7439;9232
7887;8559
7887;9455
7887;10127
7887;6992
7887;7440
7887;8112
7887;8336
7887;9232
8559;9455
8559;10127
8559;10575
8559;6992
8559;7440
8559;8112
8559;8336
8559;9232
8559;10800
9455;10127
9455;10575
9455;11247
9455;11695
9455;6992
9455;7440
9455;8112
9455;8336
9455;9232
9455;10800
9455;11248
10127;10575
10127;11247
10127;11695
10127;12143
10127;8112
10127;8336
10127;9232
10127;10800
10127;11248
10127;12144
10127;12592
10575;11247
10575;11695
10575;12143
10575;12591
10575;8336
10575;9232
10575;10800
10575;11248
10575;12144
10575;12592
11247;11695
11247;12143
11247;12591
11247;13263
11247;9232
11247;10800
11247;11248
11247;12144
11247;12592
11247;13264
11695;12143
11695;12591
11695;13263
11695;13711
11695;10800
11695;11248
11695;12144
11695;12592
11695;13264
11695;13712
12143;12591
12143;13263
12143;13711
12143;14159
12143;10800
12143;11248
12143;12144
12143;12592
12143;13264
12143;13712
12143;14160
12591;13263
12591;13711
12591;14159
12591;15055
12591;10800
12591;11248
12591;12144
12591;12592
12591;13264
12591;13712
12591;14160
12591;14832
13263;13711
13263;14159
13263;15055
13263;10800
13263;11248
13263;12144
13263;12592
13263;13264
13263;13712
13263;14160
13263;14832
13263;15280
13263;15728
13263;15060
13711;14159
13711;15055
13711;15951
13711;11248
13711;12144
13711;12592
13711;13264
13711;13712
13711;14160
13711;14832
13711;15280
13711;15728
13711;16176
13711;15060
14159;15055
14159;15951
14159;16175
14159;12144
14159;12592
14159;13264
14159;13712
14159;14160
14159;14832
14159;15280
14159;15728
14159;16176
14159;16624
14159;15060
15055;15951
15055;16175
15055;16847
15055;17295
15055;12592
15055;13264
15055;13712
15055;14160
15055;14832
15055;15280
15055;15728
15055;16176
15055;16624
15055;17072
15055;15060
15951;16175
15951;16847
15951;17295
15951;17743
15951;18191
15951;18415
15951;13712
15951;14160
15951;14832
15951;15280
15951;15728
15951;16176
15951;16624
15951;17072
15951;17744
15951;18192
15951;15060
15951;17972
16175;16847
16175;17295
16175;17743
16175;18191
16175;18415
16175;18639
16175;14160
16175;14832
16175;15280
16175;15728
16175;16176
16175;16624
16175;17072
16175;17744
16175;18192
16175;18640
16175;18640
16175;15060
16175;17972
16847;17295
16847;17743
16847;18191
16847;18415
16847;18639
16847;18863
16847;19087
16847;14832
16847;15280
16847;15728
16847;16176
16847;16624
16847;17072
16847;17744
16847;18192
16847;18640
16847;18640
16847;18864
16847;19312
16847;15060
16847;17972
17295;17743
17295;18191
17295;18415
17295;18639
17295;18863
17295;19087
17295;19311
17295;19311
17295;19759
17295;15280
17295;15728
17295;16176
17295;16624
17295;17072
17295;17744
17295;18192
17295;18640
17295;18640
17295;18864
17295;19312
17295;19312
17295;19760
17295;17972
17743;18191
17743;18415
17743;18639
17743;18863
17743;19087
17743;19311
17743;19311
17743;19759
17743;19759
17743;19983
17743;15280
17743;15728
17743;16176
17743;16624
17743;17072
17743;17744
17743;18192
17743;18640
17743;18640
17743;18864
17743;19312
17743;19312
17743;19760
17743;19984
17743;17972
18191;18415
18191;18639
18191;18863
18191;19087
18191;19311
18191;19311
18191;19759
18191;19759
18191;19983
18191;20431
18191;20431
18191;20655
18191;16176
18191;16624
18191;17072
18191;17744
18191;18192
18191;18640
18191;18640
18191;18864
18191;19312
18191;19312
18191;19760
18191;19984
18191;20208
18191;20656
18191;20656
18191;17972
18191;20212
18191;20436
18415;18639
18415;18863
18415;19087
18415;19311
18415;19311
18415;19759
18415;19759
18415;19983
18415;20431
18415;20431
18415;20655
18415;20879
18415;16176
18415;16624
18415;17072
18415;17744
18415;18192
18415;18640
18415;18640
18415;18864
18415;19312
18415;19312
18415;19760
18415;19984
18415;20208
18415;20656
18415;20656
18415;17972
18415;20212
18415;20436
18639;18863
18639;19087
18639;19311
18639;19311
18639;19759
18639;19759
18639;19983
18639;20431
18639;20431
18639;20655
18639;20879
18639;21103
18639;16624
18639;17072
18639;17744
18639;18192
18639;18640
18639;18640
18639;18864
18639;19312
18639;19312
18639;19760
18639;19984
18639;20208
18639;20656
18639;20656
18639;17972
18639;20212
18639;20436
18863;19087
18863;19311
18863;19311
18863;19759
18863;19759
18863;19983
18863;20431
18863;20431
18863;20655
18863;20879
18863;21103
18863;16624
18863;17072
18863;17744
18863;18192
18863;18640
18863;18640
18863;18864
18863;19312
18863;19312
18863;19760
18863;19984
18863;20208
18863;20656
18863;20656
18863;21328
18863;17972
18863;20212
18863;20436
19087;19311
19087;19311
19087;19759
19087;19759
19087;19983
19087;20431
19087;20431
19087;20655
19087;20879
19087;21103
19087;21327
19087;16624
19087;17072
19087;17744
19087;18192
19087;18640
19087;18640
19087;18864
19087;19312
19087;19312
19087;19760
19087;19984
19087;20208
19087;20656
19087;20656
19087;21328
19087;21328
19087;17972
19087;20212
19087;20436
19311;19311
19311;19759
19311;19759
19311;19983
19311;20431
19311;20431
19311;20655
19311;20879
19311;21103
19311;21551
19311;21327
19311;21775
19311;17072
19311;17744
19311;18192
19311;18640
19311;18640
19311;18864
19311;19312
19311;19312
19311;19760
19311;19984
19311;20208
19311;20656
19311;20656
19311;21328
19311;21328
19311;21552
19311;21776
19311;21776
19311;17972
19311;20212
19311;20436
19311;19759
19311;19759
19311;19983
19311;20431
19311;20431
19311;20655
19311;20879
19311;21103
19311;21551
19311;21327
19311;21775
19311;17072
19311;17744
19311;18192
19311;18640
19311;18640
19311;18864
19311;19312
19311;19312
19311;19760
19311;19984
19311;20208
19311;20656
19311;20656
19311;21328
19311;21328
19311;21552
19311;21776
19311;21776
19311;17972
19311;20212
19311;20436
19759;19759
19759;19983
19759;20431
19759;20431
19759;20655
19759;20879
19759;21103
19759;21551
19759;21327
19759;21775
19759;21999
19759;17744
19759;18192
19759;18640
19759;18640
19759;18864
19759;19312
19759;19312
19759;19760
19759;19984
19759;20208
19759;20656
19759;20656
19759;21328
19759;21328
19759;21552
19759;21776
19759;22000
19759;21776
19759;17972
19759;20212
19759;20436
19759;19983
19759;20431
19759;20431
19759;20655
19759;20879
19759;21103
19759;21551
19759;21327
19759;21775
19759;21999
19759;17744
19759;18192
19759;18640
19759;18640
19759;18864
19759;19312
19759;19312
19759;19760
19759;19984
19759;20208
19759;20656
19759;20656
19759;21328
19759;21328
19759;21552
19759;21776
19759;22000
19759;22224
19759;22224
19759;21776
19759;17972
19759;20212
19759;20436
19759;22004
19983;20431
19983;20431
19983;20655
19983;20879
19983;21103
19983;21551
19983;21327
19983;21775
19983;21999
19983;22447
19983;22447
19983;17744
19983;18192
19983;18640
19983;18640
19983;18864
19983;19312
19983;19312
19983;19760
19983;19984
19983;20208
19983;20656
19983;20656
19983;21328
19983;21328
19983;21552
19983;21776
19983;22000
19983;22224
19983;22224
19983;21776
19983;17972
19983;20212
19983;20436
19983;22004
20431;20431
20431;20655
20431;20879
20431;21103
20431;21551
20431;21327
20431;21775
20431;21999
20431;22447
20431;22447
20431;22671
20431;18192
20431;18640
20431;18640
20431;18864
20431;19312
20431;19312
20431;19760
20431;19984
20431;20208
20431;20656
20431;20656
20431;21328
20431;21328
20431;21552
20431;21776
20431;22000
20431;22224
20431;22224
20431;22672
20431;22896
20431;21776
20431;20212
20431;20436
20431;22228
20431;22004
20431;20655
20431;20879
20431;21103
20431;21551
20431;21327
20431;21775
20431;21999
20431;22447
20431;22447
20431;22671
20431;18192
20431;18640
20431;18640
20431;18864
20431;19312
20431;19312
20431;19760
20431;19984
20431;20208
20431;20656
20431;20656
20431;21328
20431;21328
20431;21552
20431;21776
20431;22000
20431;22224
20431;22224
20431;22672
20431;22896
20431;21776
20431;20212
20431;20436
20431;22228
20431;22004
20655;20879
20655;21103
20655;21551
20655;21327
20655;21775
20655;21999
20655;22447
20655;22447
20655;22671
20655;22895
20655;23119
20655;18192
20655;18640
20655;18640
20655;18864
20655;19312
20655;19312
20655;19760
20655;19984
20655;20208
20655;20656
20655;20656
20655;21328
20655;21328
20655;21552
20655;21776
20655;22000
20655;22224
20655;22224
20655;22672
20655;22896
20655;23120
20655;23120
20655;21776
20655;20212
20655;20436
20655;22228
20655;22004
20879;21103
20879;21551
20879;21327
20879;21775
20879;21999
20879;22447
20879;22447
20879;22671
20879;22895
20879;23119
20879;18640
20879;18640
20879;18864
20879;19312
20879;19312
20879;19760
20879;19984
20879;20208
20879;20656
20879;20656
20879;21328
20879;21328
20879;21552
20879;21776
20879;22000
20879;22224
20879;22224
20879;22672
20879;22896
20879;23120
20879;23120
20879;21776
20879;20212
20879;20436
20879;22228
20879;22900
20879;22004
21103;21551
21103;21327
21103;21775
21103;21999
21103;22447
21103;22447
21103;22671
21103;22895
21103;23119
21103;23343
21103;23343
21103;18640
21103;18640
21103;18864
21103;19312
21103;19312
21103;19760
21103;19984
21103;20208
21103;20656
21103;20656
21103;21328
21103;21328
21103;21552
21103;21776
21103;22000
21103;22224
21103;22224
21103;22672
21103;22896
21103;23120
21103;23120
21103;23568
21103;23568
21103;21776
21103;20212
21103;20436
21103;22228
21103;22900
21103;22004
21551;21327
21551;21775
21551;21999
21551;22447
21551;22447
21551;22671
21551;22895
21551;23119
21551;23343
21551;23343
21551;23791
21551;24015
21551;24015
21551;19312
21551;19312
21551;19760
21551;19984
21551;20208
21551;20656
21551;20656
21551;21328
21551;21328
21551;21552
21551;21776
21551;22000
21551;22224
21551;22224
21551;22672
21551;22896
21551;23120
21551;23120
21551;23568
21551;23568
21551;23792
21551;21776
21551;20212
21551;20436
21551;22228
21551;22900
21551;22004
21327;21775
21327;21999
21327;22447
21327;22447
21327;22671
21327;22895
21327;23119
21327;23343
21327;23343
21327;23791
21327;18864
21327;19312
21327;19312
21327;19760
21327;19984
21327;20208
21327;20656
21327;20656
21327;21328
21327;21328
21327;21552
21327;21776
21327;22000
21327;22224
21327;22224
21327;22672
21327;22896
21327;23120
21327;23120
21327;23568
21327;23568
21327;21776
21327;20212
21327;20436
21327;22228
21327;22900
21327;22004
21775;21999
21775;22447
21775;22447
21775;22671
21775;22895
21775;23119
21775;23343
21775;23343
21775;23791
21775;24015
21775;24015
21775;19312
21775;19312
21775;19760
21775;19984
21775;20208
21775;20656
21775;20656
21775;21328
21775;21328
21775;21552
21775;21776
21775;22000
21775;22224
21775;22224
21775;22672
21775;22896
21775;23120
21775;23120
21775;23568
21775;23568
21775;23792
21775;21776
21775;20212
21775;20436
21775;22228
21775;22900
21775;22004
21999;22447
21999;22447
21999;22671
21999;22895
21999;23119
21999;23343
21999;23343
21999;23791
21999;24015
21999;24015
21999;24239
21999;24463
21999;19760
21999;19984
21999;20208
21999;20656
21999;20656
21999;21328
21999;21328
21999;21552
21999;21776
21999;22000
21999;22224
21999;22224
21999;22672
21999;22896
21999;23120
21999;23120
21999;23568
21999;23568
21999;23792
21999;24240
21999;24240
21999;21776
21999;20212
21999;20436
21999;22228
21999;22900
21999;22004
22447;22447
22447;22671
22447;22895
22447;23119
22447;23343
22447;23343
22447;23791
22447;24015
22447;24015
22447;24239
22447;24463
22447;24687
22447;19984
22447;20208
22447;20656
22447;20656
22447;21328
22447;21328
22447;21552
22447;21776
22447;22000
22447;22224
22447;22224
22447;22672
22447;22896
22447;23120
22447;23120
22447;23568
22447;23568
22447;23792
22447;24240
22447;24240
22447;24688
22447;24688
22447;21776
22447;20212
22447;20436
22447;22228
22447;22900
22447;24244
22447;22004
22447;22671
22447;22895
22447;23119
22447;23343
22447;23343
22447;23791
22447;24015
22447;24015
22447;24239
22447;24463
22447;24687
22447;24911
22447;19984
22447;20208
22447;20656
22447;20656
22447;21328
22447;21328
22447;21552
22447;21776
22447;22000
22447;22224
22447;22224
22447;22672
22447;22896
22447;23120
22447;23120
22447;23568
22447;23568
22447;23792
22447;24240
22447;24240
22447;24688
22447;24688
22447;21776
22447;20436
22447;22228
22447;22900
22447;24244
22447;22004
22671;22895
22671;23119
22671;23343
22671;23343
22671;23791
22671;24015
22671;24015
22671;24239
22671;24463
22671;24687
22671;24911
22671;25135
22671;20208
22671;20656
22671;20656
22671;21328
22671;21328
22671;21552
22671;21776
22671;22000
22671;22224
22671;22224
22671;22672
22671;22896
22671;23120
22671;23120
22671;23568
22671;23568
22671;23792
22671;24240
22671;24240
22671;24688
22671;24688
22671;25136
22671;21776
22671;22228
22671;22900
22671;24244
22671;22004
22895;23119
22895;23343
22895;23343
22895;23791
22895;24015
22895;24015
22895;24239
22895;24463
22895;24687
22895;24911
22895;25135
22895;20656
22895;20656
22895;21328
22895;21328
22895;21552
22895;21776
22895;22000
22895;22224
22895;22224
22895;22672
22895;22896
22895;23120
22895;23120
22895;23568
22895;23568
22895;23792
22895;24240
22895;24240
22895;24688
22895;24688
22895;25136
22895;21776
22895;22228
22895;22900
22895;24244
22895;22004
23119;23343
23119;23343
23119;23791
23119;24015
23119;24015
23119;24239
23119;24463
23119;24687
23119;24911
23119;25135
23119;20656
23119;20656
23119;21328
23119;21328
23119;21552
23119;21776
23119;22000
23119;22224
23119;22224
23119;22672
23119;22896
23119;23120
23119;23120
23119;23568
23119;23568
23119;23792
23119;24240
23119;24240
23119;24688
23119;24688
23119;25136
23119;21776
23119;22228
23119;22900
23119;24244
23119;22004
23343;23343
23343;23791
23343;24015
23343;24015
23343;24239
23343;24463
23343;24687
23343;24911
23343;25135
23343;25583
23343;25807
23343;21328
23343;21328
23343;21552
23343;21776
23343;22000
23343;22224
23343;22224
23343;22672
23343;22896
23343;23120
23343;23120
23343;23568
23343;23568
23343;23792
23343;24240
23343;24240
23343;24688
23343;24688
23343;25136
23343;21776
23343;22228
23343;22900
23343;24244
23343;22004
23343;23791
23343;24015
23343;24015
23343;24239
23343;24463
23343;24687
23343;24911
23343;25135
23343;25583
23343;25807
23343;21328
23343;21328
23343;21552
23343;21776
23343;22000
23343;22224
23343;22224
23343;22672
23343;22896
23343;23120
23343;23120
23343;23568
23343;23568
23343;23792
23343;24240
23343;24240
23343;24688
23343;24688
23343;25136
23343;21776
23343;22228
23343;22900
23343;24244
23343;22004
23791;24015
23791;24015
23791;24239
23791;24463
23791;24687
23791;24911
23791;25135
23791;25583
23791;25807
23791;26255
23791;21328
23791;21328
23791;21552
23791;21776
23791;22000
23791;22224
23791;22224
23791;22672
23791;22896
23791;23120
23791;23120
23791;23568
23791;23568
23791;23792
23791;24240
23791;24240
23791;24688
23791;24688
23791;25136
23791;21776
23791;26032
23791;22228
23791;22900
23791;24244
23791;22004
23791;25588
24015;24015
24015;24239
24015;24463
24015;24687
24015;24911
24015;25135
24015;25583
24015;25807
24015;26255
24015;21552
24015;21776
24015;22000
24015;22224
24015;22224
24015;22672
24015;22896
24015;23120
24015;23120
24015;23568
24015;23568
24015;23792
24015;24240
24015;24240
24015;24688
24015;24688
24015;25136
24015;21776
24015;26032
24015;22228
24015;22900
24015;24244
24015;22004
24015;25588
24015;24239
24015;24463
24015;24687
24015;24911
24015;25135
24015;25583
24015;25807
24015;26255
24015;26479
24015;21552
24015;21776
24015;22000
24015;22224
24015;22224
24015;22672
24015;22896
24015;23120
24015;23120
24015;23568
24015;23568
24015;23792
24015;24240
24015;24240
24015;24688
24015;24688
24015;25136
24015;21776
24015;26032
24015;26480
24015;22228
24015;22900
24015;24244
24015;22004
24015;25588
24239;24463
24239;24687
24239;24911
24239;25135
24239;25583
24239;25807
24239;26255
24239;26479
24239;26927
24239;22000
24239;22224
24239;22224
24239;22672
24239;22896
24239;23120
24239;23120
24239;23568
24239;23568
24239;23792
24239;24240
24239;24240
24239;24688
24239;24688
24239;25136
24239;26032
24239;26480
24239;22228
24239;22900
24239;24244
24239;25588
24463;24687
24463;24911
24463;25135
24463;25583
24463;25807
24463;26255
24463;26479
24463;26927
24463;22000
24463;22224
24463;22224
24463;22672
24463;22896
24463;23120
24463;23120
24463;23568
24463;23568
24463;23792
24463;24240
24463;24240
24463;24688
24463;24688
24463;25136
24463;26032
24463;26480
24463;22228
24463;22900
24463;24244
24463;25588
24687;24911
24687;25135
24687;25583
24687;25807
24687;26255
24687;26479
24687;26927
24687;27151
24687;22224
24687;22672
24687;22896
24687;23120
24687;23120
24687;23568
24687;23568
24687;23792
24687;24240
24687;24240
24687;24688
24687;24688
24687;25136
24687;26032
24687;26480
24687;27152
24687;22900
24687;24244
24687;25588
24911;25135
24911;25583
24911;25807
24911;26255
24911;26479
24911;26927
24911;27151
24911;22672
24911;22896
24911;23120
24911;23120
24911;23568
24911;23568
24911;23792
24911;24240
24911;24240
24911;24688
24911;24688
24911;25136
24911;26032
24911;26480
24911;27152
24911;22900
24911;24244
24911;25588
25135;25583
25135;25807
25135;26255
25135;26479
25135;26927
25135;27151
25135;27599
25135;22672
25135;22896
25135;23120
25135;23120
25135;23568
25135;23568
25135;23792
25135;24240
25135;24240
25135;24688
25135;24688
25135;25136
25135;26032
25135;26480
25135;27152
25135;27376
25135;24244
25135;25588
25583;25807
25583;26255
25583;26479
25583;26927
25583;27151
25583;27599
25583;27823
25583;23120
25583;23120
25583;23568
25583;23568
25583;23792
25583;24240
25583;24240
25583;24688
25583;24688
25583;25136
25583;26032
25583;26480
25583;27152
25583;27376
25583;27824
25583;24244
25583;25588
25807;26255
25807;26479
25807;26927
25807;27151
25807;27599
25807;27823
25807;28271
25807;23568
25807;23568
25807;23792
25807;24240
25807;24240
25807;24688
25807;24688
25807;25136
25807;26032
25807;26480
25807;27152
25807;27376
25807;27824
25807;28272
25807;24244
25807;25588
26255;26479
26255;26927
26255;27151
26255;27599
26255;27823
26255;28271
26255;28495
26255;23792
26255;24240
26255;24240
26255;24688
26255;24688
26255;25136
26255;26032
26255;26480
26255;27152
26255;27376
26255;27824
26255;28272
26255;28720
26255;24244
26255;25588
26479;26927
26479;27151
26479;27599
26479;27823
26479;28271
26479;28495
26479;28943
26479;24240
26479;24240
26479;24688
26479;24688
26479;25136
26479;26032
26479;26480
26479;27152
26479;27376
26479;27824
26479;28272
26479;28720
26479;28944
26479;25588
26927;27151
26927;27599
26927;27823
26927;28271
26927;28495
26927;28943
26927;29167
26927;24688
26927;24688
26927;25136
26927;26032
26927;26480
26927;27152
26927;27376
26927;27824
26927;28272
26927;28720
26927;28944
26927;29168
26927;25588
27151;27599
27151;27823
27151;28271
27151;28495
27151;28943
27151;29167
27151;29615
27151;24688
27151;25136
27151;26032
27151;26480
27151;27152
27151;27376
27151;27824
27151;28272
27151;28720
27151;28944
27151;29168
27151;29616
27151;25588
27599;27823
27599;28271
27599;28495
27599;28943
27599;29167
27599;29615
27599;25136
27599;26032
27599;26480
27599;27152
27599;27376
27599;27824
27599;28272
27599;28720
27599;28944
27599;29168
27599;29616
27599;29840
27599;25588
27823;28271
27823;28495
27823;28943
27823;29167
27823;29615
27823;30063
27823;26032
27823;26480
27823;27152
27823;27376
27823;27824
27823;28272
27823;28720
27823;28944
27823;29168
27823;29616
27823;29840
27823;30288
28271;28495
28271;28943
28271;29167
28271;29615
28271;30063
28271;26032
28271;26480
28271;27152
28271;27376
28271;27824
28271;28272
28271;28720
28271;28944
28271;29168
28271;29616
28271;29840
28271;30288
28495;28943
28495;29167
28495;29615
28495;30063
28495;26032
28495;26480
28495;27152
28495;27376
28495;27824
28495;28272
28495;28720
28495;28944
28495;29168
28495;29616
28495;29840
28495;30288
28943;29167
28943;29615
28943;30063
28943;26480
28943;27152
28943;27376
28943;27824
28943;28272
28943;28720
28943;28944
28943;29168
28943;29616
28943;29840
28943;30288
29167;29615
29167;30063
29167;27152
29167;27376
29167;27824
29167;28272
29167;28720
29167;28944
29167;29168
29167;29616
29167;29840
29167;30288
29615;30063
29615;27152
29615;27376
29615;27824
29615;28272
29615;28720
29615;28944
29615;29168
29615;29616
29615;29840
29615;30288
30063;27824
30063;28272
30063;28720
30063;28944
30063;29168
30063;29616
30063;29840
30063;30288
6992;7440
6992;8112
6992;8336
6992;9232
7440;8112
7440;8336
7440;9232
8112;8336
8112;9232
8336;9232
8336;10800
9232;10800
9232;11248
10800;11248
10800;12144
10800;12592
10800;13264
10800;11034
11248;12144
11248;12592
11248;13264
11248;13712
11248;11034
12144;12592
12144;13264
12144;13712
12144;14160
12592;13264
12592;13712
12592;14160
12592;14832
12592;13498
13264;13712
13264;14160
13264;14832
13264;15280
13264;15728
13264;15060
13264;13498
13712;14160
13712;14832
13712;15280
13712;15728
13712;16176
13712;15060
13712;13498
14160;14832
14160;15280
14160;15728
14160;16176
14160;16624
14160;15060
14160;13498
14832;15280
14832;15728
14832;16176
14832;16624
14832;17072
14832;15060
14832;15290
15280;15728
15280;16176
15280;16624
15280;17072
15280;17744
15280;15060
15280;15290
15728;16176
15728;16624
15728;17072
15728;17744
15728;15060
15728;15290
16176;16624
16176;17072
16176;17744
16176;18192
16176;18640
16176;15060
16176;17972
16176;15290
16624;17072
16624;17744
16624;18192
16624;18640
16624;18640
16624;18864
16624;15060
16624;17972
17072;17744
17072;18192
17072;18640
17072;18640
17072;18864
17072;19312
17072;19312
17072;15060
17072;17972
17072;17754
17744;18192
17744;18640
17744;18640
17744;18864
17744;19312
17744;19312
17744;19760
17744;19984
17744;17972
17744;17754
18192;18640
18192;18640
18192;18864
18192;19312
18192;19312
18192;19760
18192;19984
18192;20208
18192;20656
18192;20656
18192;17972
18192;20212
18192;20436
18192;17754
18640;18640
18640;18864
18640;19312
18640;19312
18640;19760
18640;19984
18640;20208
18640;20656
18640;20656
18640;17972
18640;20212
18640;20436
18640;17754
18640;18864
18640;19312
18640;19312
18640;19760
18640;19984
18640;20208
18640;20656
18640;20656
18640;17972
18640;20212
18640;20436
18640;17754
18864;19312
18864;19312
18864;19760
18864;19984
18864;20208
18864;20656
18864;20656
18864;21328
18864;21328
18864;17972
18864;20212
18864;20436
19312;19312
19312;19760
19312;19984
19312;20208
19312;20656
19312;20656
19312;21328
19312;21328
19312;21552
19312;21776
19312;21776
19312;17972
19312;20212
19312;20436
19312;20218
19312;19994
19312;19760
19312;19984
19312;20208
19312;20656
19312;20656
19312;21328
19312;21328
19312;21552
19312;21776
19312;21776
19312;17972
19312;20212
19312;20436
19312;20218
19312;19994
19760;19984
19760;20208
19760;20656
19760;20656
19760;21328
19760;21328
19760;21552
19760;21776
19760;22000
19760;22224
19760;21776
19760;17972
19760;20212
19760;20436
19760;22004
19760;20218
19760;19994
19984;20208
19984;20656
19984;20656
19984;21328
19984;21328
19984;21552
19984;21776
19984;22000
19984;22224
19984;22224
19984;21776
19984;17972
19984;20212
19984;20436
19984;22228
19984;22004
19984;20218
19984;19994
20208;20656
20208;20656
20208;21328
20208;21328
20208;21552
20208;21776
20208;22000
20208;22224
20208;22224
20208;22672
20208;21776
20208;20212
20208;20436
20208;22228
20208;22004
20208;20218
20208;19994
20656;20656
20656;21328
20656;21328
20656;21552
20656;21776
20656;22000
20656;22224
20656;22224
20656;22672
20656;22896
20656;23120
20656;23120
20656;21776
20656;20212
20656;20436
20656;22228
20656;22900
20656;22004
20656;20218
20656;19994
20656;21338
20656;21562
20656;21328
20656;21328
20656;21552
20656;21776
20656;22000
20656;22224
20656;22224
20656;22672
20656;22896
20656;23120
20656;23120
20656;21776
20656;20212
20656;20436
20656;22228
20656;22004
20656;20218
20656;19994
20656;21338
20656;21562
21328;21328
21328;21552
21328;21776
21328;22000
21328;22224
21328;22224
21328;22672
21328;22896
21328;23120
21328;23120
21328;23568
21328;23568
21328;21776
21328;20212
21328;20436
21328;22228
21328;22900
21328;22004
21328;20218
21328;21338
21328;21562
21328;21552
21328;21776
21328;22000
21328;22224
21328;22224
21328;22672
21328;22896
21328;23120
21328;23120
21328;23568
21328;23568
21328;21776
21328;20212
21328;20436
21328;22228
21328;22900
21328;22004
21328;21338
21328;21562
21552;21776
21552;22000
21552;22224
21552;22224
21552;22672
21552;22896
21552;23120
21552;23120
21552;23568
21552;23568
21552;23792
21552;21776
21552;20212
21552;20436
21552;22228
21552;22900
21552;22004
21552;21338
21552;21562
21776;22000
21776;22224
21776;22224
21776;22672
21776;22896
21776;23120
21776;23120
21776;23568
21776;23568
21776;23792
21776;24240
21776;21776
21776;20212
21776;20436
21776;22228
21776;22900
21776;22004
21776;21338
21776;22682
21776;22682
21776;21562
22000;22224
22000;22224
22000;22672
22000;22896
22000;23120
22000;23120
22000;23568
22000;23568
22000;23792
22000;24240
22000;24240
22000;21776
22000;20212
22000;20436
22000;22228
22000;22900
22000;24244
22000;22004
22000;21338
22000;22682
22000;22682
22000;21562
22224;22224
22224;22672
22224;22896
22224;23120
22224;23120
22224;23568
22224;23568
22224;23792
22224;24240
22224;24240
22224;24688
22224;24688
22224;21776
22224;20212
22224;20436
22224;22228
22224;22900
22224;24244
22224;22004
22224;21338
22224;22682
22224;22682
22224;21562
22224;22672
22224;22896
22224;23120
22224;23120
22224;23568
22224;23568
22224;23792
22224;24240
22224;24240
22224;24688
22224;24688
22224;21776
22224;20212
22224;20436
22224;22228
22224;22900
22224;24244
22224;22004
22224;21338
22224;22682
22224;22682
22224;21562
22672;22896
22672;23120
22672;23120
22672;23568
22672;23568
22672;23792
22672;24240
22672;24240
22672;24688
22672;24688
22672;25136
22672;21776
22672;20436
22672;22228
22672;22900
22672;24244
22672;22004
22672;22682
22672;22682
22896;23120
22896;23120
22896;23568
22896;23568
22896;23792
22896;24240
22896;24240
22896;24688
22896;24688
22896;25136
22896;21776
22896;22228
22896;22900
22896;24244
22896;22004
22896;22682
22896;22682
23120;23120
23120;23568
23120;23568
23120;23792
23120;24240
23120;24240
23120;24688
23120;24688
23120;25136
23120;21776
23120;22228
23120;22900
23120;24244
23120;22004
23120;22682
23120;22682
23120;23568
23120;23568
23120;23792
23120;24240
23120;24240
23120;24688
23120;24688
23120;25136
23120;21776
23120;22228
23120;22900
23120;24244
23120;22004
23120;22682
23120;22682
23568;23568
23568;23792
23568;24240
23568;24240
23568;24688
23568;24688
23568;25136
23568;21776
23568;22228
23568;22900
23568;24244
23568;22004
23568;25588
23568;22682
23568;22682
23568;24474
23568;23792
23568;24240
23568;24240
23568;24688
23568;24688
23568;25136
23568;21776
23568;22228
23568;22900
23568;24244
23568;22004
23568;25588
23568;22682
23568;22682
23568;24474
23792;24240
23792;24240
23792;24688
23792;24688
23792;25136
23792;21776
23792;26032
23792;22228
23792;22900
23792;24244
23792;22004
23792;25588
23792;24474
24240;24240
24240;24688
24240;24688
24240;25136
24240;26032
24240;26480
24240;22228
24240;22900
24240;24244
24240;25588
24240;24474
24240;24688
24240;24688
24240;25136
24240;26032
24240;26480
24240;22228
24240;22900
24240;24244
24240;25588
24240;24474
24688;24688
24688;25136
24688;26032
24688;26480
24688;22900
24688;24244
24688;25588
24688;24474
24688;25136
24688;26032
24688;26480
24688;27152
24688;22900
24688;24244
24688;25588
24688;24474
25136;21776
25136;26032
25136;26480
25136;27152
25136;27376
25136;22900
25136;24244
25136;25588
25136;24474
21776;26032
21776;20212
21776;20436
21776;22228
21776;22900
21776;22004
21776;21338
21776;21562
26032;26480
26032;27152
26032;27376
26032;27824
26032;28272
26032;24244
26032;25588
26032;26042
26480;27152
26480;27376
26480;27824
26480;28272
26480;28720
26480;28944
26480;24244
26480;25588
26480;26042
27152;27376
27152;27824
27152;28272
27152;28720
27152;28944
27152;29168
27152;29616
27152;25588
27152;27834
27376;27824
27376;28272
27376;28720
27376;28944
27376;29168
27376;29616
27376;25588
27376;27834
27824;28272
27824;28720
27824;28944
27824;29168
27824;29616
27824;29840
27824;30288
27824;25588
27824;27834
28272;28720
28272;28944
28272;29168
28272;29616
28272;29840
28272;30288
28272;27834
28720;28944
28720;29168
28720;29616
28720;29840
28720;30288
28720;27834
28944;29168
28944;29616
28944;29840
28944;30288
29168;29616
29168;29840
29168;30288
29616;29840
29616;30288
29840;30288
15060;17972
15060;13498
15060;15290
17972;20212
17972;20436
17972;17754
17972;19994
20212;20436
20212;22228
20212;22004
20212;20218
20212;19994
20212;21338
20212;21562
20436;22228
20436;22900
20436;22004
20436;20218
20436;19994
20436;21338
20436;21562
22228;22900
22228;24244
22228;22004
22228;20218
22228;21338
22228;22682
22228;22682
22228;21562
22900;24244
22900;22004
22900;21338
22900;22682
22900;22682
22900;24474
22900;21562
24244;22004
24244;25588
24244;22682
24244;22682
24244;24474
24244;26042
22004;25588
22004;20218
22004;19994
22004;21338
22004;22682
22004;22682
22004;21562
25588;24474
25588;26042
11034;13498
13498;15290
15290;17754
17754;20218
17754;19994
17754;18656
17754;19552
17754;18213
20218;19994
20218;21338
20218;22682
20218;22682
20218;21562
20218;18656
20218;19552
20218;20224
20218;20896
20218;22240
20218;21120
20218;20229
20218;20677
19994;21338
19994;21562
19994;18656
19994;19552
19994;20224
19994;20896
19994;22240
19994;21120
19994;19781
19994;20229
21338;22682
21338;22682
21338;21562
21338;19552
21338;20224
21338;20896
21338;22240
21338;22912
21338;21120
21338;21125
22682;22682
22682;24474
22682;21562
22682;20896
22682;22240
22682;22912
22682;21120
22682;22917
22682;24474
22682;21562
22682;20896
22682;22240
22682;22912
22682;21120
22682;22917
24474;21562
24474;26042
24474;22912
21562;26042
21562;19552
21562;20224
21562;20896
21562;22240
21562;22912
21562;21120
21562;21125
26042;27834
18656;19552
18656;20224
18656;20896
18656;18213
18656;19781
18656;20229
18656;20677
18656;17770
18656;18442
18656;18890
18656;19338
18656;19786
18656;19562
19552;20224
19552;20896
19552;21120
19552;18213
19552;19781
19552;20229
19552;21125
19552;20677
19552;18442
19552;18890
19552;19338
19552;19786
19552;19562
19552;20234
19552;20234
19552;19339
19552;19563
20224;20896
20224;22240
20224;21120
20224;18213
20224;19781
20224;20229
20224;21125
20224;20677
20224;19338
20224;19786
20224;19562
20224;20234
20224;20234
20224;21130
20224;21130
20224;20011
20224;20235
20224;20459
20896;22240
20896;22912
20896;21120
20896;19781
20896;20229
20896;21125
20896;22917
20896;20677
20896;20234
20896;20234
20896;21130
20896;21130
20896;22026
20896;20683
20896;21131
20896;21131
22240;22912
22240;21120
22240;20229
22240;21125
22240;22917
22240;20677
22240;21130
22240;21130
22240;22026
22240;22250
22240;22250
22240;22698
22240;22922
22240;23146
22240;22251
22240;22027
22240;22475
22912;21120
22912;21125
22912;22917
22912;22026
22912;22250
22912;22250
22912;22698
22912;22922
22912;23146
22912;23594
22912;23818
22912;24042
22912;22923
22912;22923
21120;19781
21120;20229
21120;21125
21120;22917
21120;20677
21120;20234
21120;20234
21120;21130
21120;21130
21120;22026
21120;22250
21120;22250
21120;21131
21120;21131
18213;19781
18213;20229
18213;20677
18213;16426
18213;17098
18213;17770
18213;18442
18213;18890
18213;19338
18213;19786
18213;19562
18213;20234
18213;20234
18213;16427
18213;16875
18213;17547
18213;17995
18213;19339
18213;19563
18213;20011
18213;20235
19781;20229
19781;21125
19781;20677
19781;17770
19781;18442
19781;18890
19781;19338
19781;19786
19781;19562
19781;20234
19781;20234
19781;21130
19781;21130
19781;22026
19781;17995
19781;19339
19781;19563
19781;20011
19781;20235
19781;20459
19781;20683
19781;20683
19781;21131
19781;21131
19781;21579
19781;21579
19781;21803
20229;21125
20229;20677
20229;18442
20229;18890
20229;19338
20229;19786
20229;19562
20229;20234
20229;20234
20229;21130
20229;21130
20229;22026
20229;22250
20229;22250
20229;19339
20229;19563
20229;20011
20229;20235
20229;20459
20229;20683
20229;20683
20229;21131
20229;21131
20229;21579
20229;21579
20229;22251
20229;22027
20229;21803
21125;22917
21125;20677
21125;18890
21125;19338
21125;19786
21125;19562
21125;20234
21125;20234
21125;21130
21125;21130
21125;22026
21125;22250
21125;22250
21125;22698
21125;22922
21125;23146
21125;19339
21125;19563
21125;20011
21125;20235
21125;20459
21125;20683
21125;20683
21125;21131
21125;21131
21125;21579
21125;21579
21125;22251
21125;22027
21125;22475
21125;22923
21125;22923
21125;23147
21125;21803
22917;20677
22917;21130
22917;21130
22917;22026
22917;22250
22917;22250
22917;22698
22917;22922
22917;23146
22917;23594
22917;23818
22917;24042
22917;24042
22917;24714
22917;25162
22917;21131
22917;21131
22917;21579
22917;21579
22917;22251
22917;22027
22917;22475
22917;22923
22917;22923
22917;23147
22917;23595
22917;23819
22917;23819
22917;24043
22917;24491
22917;21803
22917;24715
20677;18442
20677;18890
20677;19338
20677;19786
20677;19562
20677;20234
20677;20234
20677;21130
20677;21130
20677;22026
20677;22250
20677;22250
20677;22698
20677;22922
20677;19339
20677;19563
20677;20011
20677;20235
20677;20459
20677;20683
20677;20683
20677;21131
20677;21131
20677;21579
20677;21579
20677;22251
20677;22027
20677;22475
20677;21803
7018;7466
7018;8362
7018;8810
7018;7019
7018;7243
7466;8362
7466;8810
7466;9482
7466;7019
7466;7243
7466;9483
8362;8810
8362;9482
8362;9930
8362;7019
8362;7243
8362;9483
8362;10827
8810;9482
8810;9930
8810;11050
8810;7019
8810;7243
8810;9483
8810;10827
8810;11275
9482;9930
9482;11050
9482;7243
9482;9483
9482;10827
9482;11275
9482;11947
9482;11281
9930;11050
9930;12170
9930;9483
9930;10827
9930;11275
9930;11947
9930;12395
9930;11281
11050;12170
11050;9483
11050;10827
11050;11275
11050;11947
11050;12395
11050;13291
11050;11281
12170;13514
12170;14634
12170;10827
12170;11275
12170;11947
12170;12395
12170;13291
12170;13739
12170;14187
12170;14635
12170;11281
13514;14634
13514;15082
13514;15978
13514;11275
13514;11947
13514;12395
13514;13291
13514;13739
13514;14187
13514;14635
13514;15083
13514;15531
13514;15979
13514;14193
14634;15082
14634;15978
14634;16426
14634;12395
14634;13291
14634;13739
14634;14187
14634;14635
14634;15083
14634;15531
14634;15979
14634;16427
14634;16875
14634;14193
15082;15978
15082;16426
15082;17098
15082;13291
15082;13739
15082;14187
15082;14635
15082;15083
15082;15531
15082;15979
15082;16427
15082;16875
15082;17547
15082;14193
15978;16426
15978;17098
15978;17770
15978;13739
15978;14187
15978;14635
15978;15083
15978;15531
15978;15979
15978;16427
15978;16875
15978;17547
15978;17995
15978;14193
15978;17105
16426;17098
16426;17770
16426;18442
16426;14187
16426;14635
16426;15083
16426;15531
16426;15979
16426;16427
16426;16875
16426;17547
16426;17995
16426;17105
17098;17770
17098;18442
17098;18890
17098;19338
17098;19562
17098;14635
17098;15083
17098;15531
17098;15979
17098;16427
17098;16875
17098;17547
17098;17995
17098;19339
17098;19563
17098;17105
17770;18442
17770;18890
17770;19338
17770;19786
17770;19562
17770;15531
17770;15979
17770;16427
17770;16875
17770;17547
17770;17995
17770;19339
17770;19563
17770;20011
17770;17105
18442;18890
18442;19338
18442;19786
18442;19562
18442;20234
18442;20234
18442;15979
18442;16427
18442;16875
18442;17547
18442;17995
18442;19339
18442;19563
18442;20011
18442;20235
18442;20459
18442;20683
18442;20683
18442;17105
18442;20017
18890;19338
18890;19786
18890;19562
18890;20234
18890;20234
18890;21130
18890;21130
18890;16875
18890;17547
18890;17995
18890;19339
18890;19563
18890;20011
18890;20235
18890;20459
18890;20683
18890;20683
18890;21131
18890;21131
18890;17105
18890;20017
19338;19786
19338;19562
19338;20234
19338;20234
19338;21130
19338;21130
19338;16875
19338;17547
19338;17995
19338;19339
19338;19563
19338;20011
19338;20235
19338;20459
19338;20683
19338;20683
19338;21131
19338;21131
19338;21579
19338;21579
19338;21803
19338;20017
19786;19562
19786;20234
19786;20234
19786;21130
19786;21130
19786;22026
19786;17547
19786;17995
19786;19339
19786;19563
19786;20011
19786;20235
19786;20459
19786;20683
19786;20683
19786;21131
19786;21131
19786;21579
19786;21579
19786;22027
19786;21803
19786;20017
19786;21361
19786;21585
19562;20234
19562;20234
19562;21130
19562;21130
19562;22026
19562;17547
19562;17995
19562;19339
19562;19563
19562;20011
19562;20235
19562;20459
19562;20683
19562;20683
19562;21131
19562;21131
19562;21579
19562;21579
19562;21803
19562;20017
19562;21361
20234;20234
20234;21130
20234;21130
20234;22026
20234;22250
20234;22250
20234;22698
20234;17995
20234;19339
20234;19563
20234;20011
20234;20235
20234;20459
20234;20683
20234;20683
20234;21131
20234;21131
20234;21579
20234;21579
20234;22251
20234;22027
20234;22475
20234;21803
20234;20017
20234;21361
20234;21585
20234;21130
20234;21130
20234;22026
20234;22250
20234;22250
20234;17995
20234;19339
20234;19563
20234;20011
20234;20235
20234;20459
20234;20683
20234;20683
20234;21131
20234;21131
20234;21579
20234;21579
20234;22251
20234;22027
20234;22475
20234;21803
20234;20017
20234;21361
20234;21585
21130;21130
21130;22026
21130;22250
21130;22250
21130;22698
21130;22922
21130;23146
21130;23594
21130;19339
21130;19563
21130;20011
21130;20235
21130;20459
21130;20683
21130;20683
21130;21131
21130;21131
21130;21579
21130;21579
21130;22251
21130;22027
21130;22475
21130;22923
21130;22923
21130;23147
21130;23595
21130;21803
21130;20017
21130;21361
21130;21585
21130;22026
21130;22250
21130;22250
21130;22698
21130;22922
21130;23146
21130;23594
21130;19339
21130;19563
21130;20011
21130;20235
21130;20459
21130;20683
21130;20683
21130;21131
21130;21131
21130;21579
21130;21579
21130;22251
21130;22027
21130;22475
21130;22923
21130;22923
21130;23147
21130;23595
21130;21803
21130;20017
21130;21361
21130;21585
22026;22250
22026;22250
22026;22698
22026;22922
22026;23146
22026;23594
22026;23818
22026;24042
22026;24042
22026;19563
22026;20011
22026;20235
22026;20459
22026;20683
22026;20683
22026;21131
22026;21131
22026;21579
22026;21579
22026;22251
22026;22027
22026;22475
22026;22923
22026;22923
22026;23147
22026;23595
22026;23819
22026;23819
22026;24043
22026;21803
22026;21361
22026;21585
22250;22250
22250;22698
22250;22922
22250;23146
22250;23594
22250;23818
22250;24042
22250;24042
22250;24714
22250;20011
22250;20235
22250;20459
22250;20683
22250;20683
22250;21131
22250;21131
22250;21579
22250;21579
22250;22251
22250;22027
22250;22475
22250;22923
22250;22923
22250;23147
22250;23595
22250;23819
22250;23819
22250;24043
22250;24491
22250;21803
22250;21361
22250;21585
22250;22698
22250;22922
22250;23146
22250;23594
22250;23818
22250;24042
22250;24042
22250;24714
22250;20011
22250;20235
22250;20459
22250;20683
22250;20683
22250;21131
22250;21131
22250;21579
22250;21579
22250;22251
22250;22027
22250;22475
22250;22923
22250;22923
22250;23147
22250;23595
22250;23819
22250;23819
22250;24043
22250;24491
22250;21803
22250;24715
22250;21361
22250;21585
22698;22922
22698;23146
22698;23594
22698;23818
22698;24042
22698;24042
22698;24714
22698;25162
22698;20459
22698;20683
22698;20683
22698;21131
22698;21131
22698;21579
22698;21579
22698;22251
22698;22027
22698;22475
22698;22923
22698;22923
22698;23147
22698;23595
22698;23819
22698;23819
22698;24043
22698;24491
22698;21803
22698;24715
22698;21361
22698;21585
22922;23146
22922;23594
22922;23818
22922;24042
22922;24042
22922;24714
22922;25162
22922;20459
22922;20683
22922;20683
22922;21131
22922;21131
22922;21579
22922;21579
22922;22251
22922;22027
22922;22475
22922;22923
22922;22923
22922;23147
22922;23595
22922;23819
22922;23819
22922;24043
22922;24491
22922;21803
22922;24715
22922;25387
22922;21361
22922;21585
23146;23594
23146;23818
23146;24042
23146;24042
23146;24714
23146;25162
23146;25610
23146;21131
23146;21131
23146;21579
23146;21579
23146;22251
23146;22027
23146;22475
23146;22923
23146;22923
23146;23147
23146;23595
23146;23819
23146;23819
23146;24043
23146;24491
23146;21803
23146;24715
23146;25387
23146;25611
23146;21361
23146;21585
23146;24945
23594;23818
23594;24042
23594;24042
23594;24714
23594;25162
23594;25610
23594;26058
23594;21131
23594;21579
23594;21579
23594;22251
23594;22027
23594;22475
23594;22923
23594;22923
23594;23147
23594;23595
23594;23819
23594;23819
23594;24043
23594;24491
23594;21803
23594;24715
23594;25387
23594;25611
23594;24945
23818;24042
23818;24042
23818;24714
23818;25162
23818;25610
23818;26058
23818;21579
23818;21579
23818;22251
23818;22027
23818;22475
23818;22923
23818;22923
23818;23147
23818;23595
23818;23819
23818;23819
23818;24043
23818;24491
23818;21803
23818;24715
23818;25387
23818;25611
23818;26059
23818;26283
23818;24945
24042;24042
24042;24714
24042;25162
24042;25610
24042;26058
24042;21579
24042;21579
24042;22251
24042;22027
24042;22475
24042;22923
24042;22923
24042;23147
24042;23595
24042;23819
24042;23819
24042;24043
24042;24491
24042;21803
24042;24715
24042;25387
24042;25611
24042;26059
24042;26283
24042;24945
24042;24714
24042;25162
24042;25610
24042;26058
24042;26506
24042;21579
24042;22251
24042;22027
24042;22475
24042;22923
24042;22923
24042;23147
24042;23595
24042;23819
24042;23819
24042;24043
24042;24491
24042;21803
24042;24715
24042;25387
24042;25611
24042;26059
24042;26283
24042;24945
24714;25162
24714;25610
24714;26058
24714;26506
24714;26954
24714;22475
24714;22923
24714;22923
24714;23147
24714;23595
24714;23819
24714;23819
24714;24043
24714;24491
24714;24715
24714;25387
24714;25611
24714;26059
24714;26283
24714;27179
24714;24945
25162;25610
25162;26058
25162;26506
25162;26954
25162;22923
25162;22923
25162;23147
25162;23595
25162;23819
25162;23819
25162;24043
25162;24491
25162;24715
25162;25387
25162;25611
25162;26059
25162;26283
25162;27179
25162;27403
25162;24945
25610;26058
25610;26506
25610;26954
25610;27626
25610;23147
25610;23595
25610;23819
25610;23819
25610;24043
25610;24491
25610;24715
25610;25387
25610;25611
25610;26059
25610;26283
25610;27179
25610;27403
25610;24945
26058;26506
26058;26954
26058;27626
26058;23595
26058;23819
26058;23819
26058;24043
26058;24491
26058;24715
26058;25387
26058;25611
26058;26059
26058;26283
26058;27179
26058;27403
26058;28299
26058;24945
26058;27633
26506;26954
26506;27626
26506;28522
26506;24491
26506;24715
26506;25387
26506;25611
26506;26059
26506;26283
26506;27179
26506;27403
26506;28299
26506;28971
26506;24945
26506;27633
26954;27626
26954;28522
26954;29418
26954;24491
26954;24715
26954;25387
26954;25611
26954;26059
26954;26283
26954;27179
26954;27403
26954;28299
26954;28971
26954;29195
26954;24945
26954;27633
27626;28522
27626;29418
27626;25387
27626;25611
27626;26059
27626;26283
27626;27179
27626;27403
27626;28299
27626;28971
27626;29195
27626;29643
27626;30091
27626;27633
27626;29201
28522;29418
28522;30090
28522;30538
28522;26059
28522;26283
28522;27179
28522;27403
28522;28299
28522;28971
28522;29195
28522;29643
28522;30091
28522;30315
28522;30763
28522;27633
28522;29201
29418;30090
29418;30538
29418;30986
29418;27179
29418;27403
29418;28299
29418;28971
29418;29195
29418;29643
29418;30091
29418;30315
29418;30763
29418;30987
29418;31659
29418;27633
29418;29201
30090;30538
30090;30986
30090;28299
30090;28971
30090;29195
30090;29643
30090;30091
30090;30315
30090;30763
30090;30987
30090;31659
30090;29201
30538;30986
30538;28299
30538;28971
30538;29195
30538;29643
30538;30091
30538;30315
30538;30763
30538;30987
30538;31659
30538;29201
30986;28971
30986;29195
30986;29643
30986;30091
30986;30315
30986;30763
30986;30987
30986;31659
30986;29201
7019;7243
7019;6806
7243;9483
7243;7254
9483;10827
9483;11275
9483;11947
9483;11281
10827;11275
10827;11947
10827;12395
10827;13291
10827;11281
11275;11947
11275;12395
11275;13291
11275;11281
11947;12395
11947;13291
11947;13739
11947;14187
11947;11281
12395;13291
12395;13739
12395;14187
12395;14635
12395;11281
12395;14193
13291;13739
13291;14187
13291;14635
13291;15083
13291;15531
13291;11281
13291;14193
13739;14187
13739;14635
13739;15083
13739;15531
13739;15979
13739;14193
14187;14635
14187;15083
14187;15531
14187;15979
14187;16427
14187;14193
14635;15083
14635;15531
14635;15979
14635;16427
14635;16875
14635;14193
15083;15531
15083;15979
15083;16427
15083;16875
15083;17547
15083;14193
15083;17105
15531;15979
15531;16427
15531;16875
15531;17547
15531;14193
15531;17105
15979;16427
15979;16875
15979;17547
15979;17995
15979;14193
15979;17105
16427;16875
16427;17547
16427;17995
16427;17105
16875;17547
16875;17995
16875;17105
17547;17995
17547;19339
17547;19563
17547;17105
17995;19339
17995;19563
17995;20011
17995;20235
17995;20459
17995;17105
17995;20017
19339;19563
19339;20011
19339;20235
19339;20459
19339;20683
19339;20683
19339;21131
19339;21131
19339;21579
19339;21579
19339;21803
19339;20017
19339;21361
19563;20011
19563;20235
19563;20459
19563;20683
19563;20683
19563;21131
19563;21131
19563;21579
19563;21579
19563;21803
19563;20017
19563;21361
19563;21585
20011;20235
20011;20459
20011;20683
20011;20683
20011;21131
20011;21131
20011;21579
20011;21579
20011;22251
20011;22027
20011;22475
20011;21803
20011;20017
20011;21361
20011;21585
20235;20459
20235;20683
20235;20683
20235;21131
20235;21131
20235;21579
20235;21579
20235;22251
20235;22027
20235;22475
20235;21803
20235;20017
20235;21361
20235;21585
20459;20683
20459;20683
20459;21131
20459;21131
20459;21579
20459;21579
20459;22251
20459;22027
20459;22475
20459;21803
20459;20017
20459;21361
20459;21585
20683;20683
20683;21131
20683;21131
20683;21579
20683;21579
20683;22251
20683;22027
20683;22475
20683;22923
20683;22923
20683;21803
20683;20017
20683;21361
20683;21585
20683;21131
20683;21131
20683;21579
20683;21579
20683;22251
20683;22027
20683;22475
20683;22923
20683;22923
20683;21803
20683;20017
20683;21361
20683;21585
21131;21131
21131;21579
21131;21579
21131;22251
21131;22027
21131;22475
21131;22923
21131;22923
21131;23147
21131;23595
21131;21803
21131;20017
21131;21361
21131;21585
21131;21579
21131;21579
21131;22251
21131;22027
21131;22475
21131;22923
21131;22923
21131;23147
21131;23595
21131;21803
21131;20017
21131;21361
21131;21585
21579;21579
21579;22251
21579;22027
21579;22475
21579;22923
21579;22923
21579;23147
21579;23595
21579;23819
21579;23819
21579;21803
21579;20017
21579;21361
21579;21585
21579;22251
21579;22027
21579;22475
21579;22923
21579;22923
21579;23147
21579;23595
21579;23819
21579;23819
21579;24043
21579;21803
21579;20017
21579;21361
21579;21585
22251;22027
22251;22475
22251;22923
22251;22923
22251;23147
22251;23595
22251;23819
22251;23819
22251;24043
22251;24491
22251;21803
22251;21361
22251;21585
22027;22475
22027;22923
22027;22923
22027;23147
22027;23595
22027;23819
22027;23819
22027;24043
22027;24491
22027;21803
22027;20017
22027;21361
22027;21585
22475;22923
22475;22923
22475;23147
22475;23595
22475;23819
22475;23819
22475;24043
22475;24491
22475;21803
22475;24715
22475;21361
22475;21585
22923;22923
22923;23147
22923;23595
22923;23819
22923;23819
22923;24043
22923;24491
22923;21803
22923;24715
22923;25387
22923;21361
22923;21585
22923;24945
22923;23147
22923;23595
22923;23819
22923;23819
22923;24043
22923;24491
22923;21803
22923;24715
22923;25387
22923;21361
22923;21585
22923;24945
23147;23595
23147;23819
23147;23819
23147;24043
23147;24491
23147;21803
23147;24715
23147;25387
23147;25611
23147;21361
23147;21585
23147;24945
23595;23819
23595;23819
23595;24043
23595;24491
23595;21803
23595;24715
23595;25387
23595;25611
23595;21585
23595;24945
23819;23819
23819;24043
23819;24491
23819;21803
23819;24715
23819;25387
23819;25611
23819;26059
23819;26283
23819;24945
23819;24043
23819;24491
23819;21803
23819;24715
23819;25387
23819;25611
23819;26059
23819;26283
23819;24945
24043;24491
24043;21803
24043;24715
24043;25387
24043;25611
24043;26059
24043;26283
24043;24945
24491;21803
24491;24715
24491;25387
24491;25611
24491;26059
24491;26283
24491;24945
21803;24715
21803;20017
21803;21361
21803;21585
24715;25387
24715;25611
24715;26059
24715;26283
24715;27179
24715;24945
25387;25611
25387;26059
25387;26283
25387;27179
25387;27403
25387;24945
25611;26059
25611;26283
25611;27179
25611;27403
25611;24945
25611;27633
26059;26283
26059;27179
26059;27403
26059;28299
26059;24945
26059;27633
26283;27179
26283;27403
26283;28299
26283;24945
26283;27633
27179;27403
27179;28299
27179;28971
27179;29195
27179;24945
27179;27633
27403;28299
27403;28971
27403;29195
27403;29643
27403;27633
27403;29201
28299;28971
28299;29195
28299;29643
28299;30091
28299;30315
28299;30763
28299;27633
28299;29201
28971;29195
28971;29643
28971;30091
28971;30315
28971;30763
28971;30987
28971;27633
28971;29201
29195;29643
29195;30091
29195;30315
29195;30763
29195;30987
29195;27633
29195;29201
29643;30091
29643;30315
29643;30763
29643;30987
29643;31659
29643;27633
29643;29201
30091;30315
30091;30763
30091;30987
30091;31659
30091;29201
30091;30102
30315;30763
30315;30987
30315;31659
30315;29201
30315;30326
30763;30987
30763;31659
30763;29201
30763;30774
30987;31659
30987;29201
30987;30998
31659;31670
11281;14193
14193;17105
17105;20017
20017;21361
20017;21585
20017;19804
21361;21585
21585;24945
21585;21596
24945;27633
27633;29201
27633;27868
29201;30102
29201;30326
29201;30774
29201;30998
29201;31446
6806;7254
6806;7702
6806;8150
6806;8598
6806;8822
6806;7031
6806;7036
7254;7702
7254;8150
7254;8598
7254;8822
7254;7031
7254;7036
7702;8150
7702;8598
7702;8822
7702;7031
7702;7036
7702;9724
8150;8598
8150;8822
8150;7031
8150;7036
8150;9724
8598;8822
8598;7031
8598;7036
8598;9724
8822;30102
8822;7031
8822;7036
8822;9724
30102;30326
30102;30774
30102;30998
30102;31446
30102;31670
30102;29660
30326;30774
30326;30998
30326;31446
30326;31670
30326;29660
30774;30998
30774;31446
30774;31670
30774;29660
30998;31446
30998;31670
30998;29660
31446;31670
31446;29660
7031;7036
19804;21596
19804;9724
19804;20706
19804;19366
19804;19814
19804;20038
19804;20262
19804;20486
19804;20710
19804;20710
21596;22716
21596;20706
21596;22946
21596;20934
21596;21158
21596;21382
21596;21382
21596;21830
21596;21830
21596;22054
21596;22278
21596;22278
22716;24508
22716;20706
22716;22946
22716;24738
22716;22054
22716;22278
22716;22278
22716;22726
22716;22726
22716;22950
22716;23174
22716;23398
22716;23622
24508;26076
24508;22946
24508;24738
24508;24070
24508;24294
24508;24742
24508;24966
24508;25414
26076;27868
26076;24738
26076;27202
26076;25414
26076;25638
26076;26086
26076;26310
26076;26758
27868;29660
27868;27202
27868;28994
27868;26982
27868;27430
27868;27654
27868;28102
27868;28326
29660;28994
29660;28998
29660;29446
29660;29670
29660;30118
29660;30342
7036;9724
7036;7938
7036;7046
7036;7494
9724;7938
9724;10402
9724;9286
9724;9734
9724;10182
9724;10630
7938;10402
7938;7046
7938;7494
7938;7942
7938;8390
7938;8838
7938;9286
7938;9734
7938;10182
10402;12642
10402;8390
10402;8838
10402;9286
10402;9734
10402;10182
10402;10630
10402;10854
10402;11302
10402;11750
10402;12198
12642;14882
12642;10630
12642;10854
12642;11302
12642;11750
12642;12198
12642;12646
12642;13094
12642;13542
12642;13990
12642;14214
12642;14662
14882;20706
14882;13094
14882;13542
14882;13990
14882;14214
14882;14662
14882;15110
14882;15558
14882;16006
14882;16454
14882;16902
20706;22946
20706;18470
20706;18918
20706;19366
20706;19814
20706;20038
20706;20262
20706;20486
20706;20710
20706;20710
20706;20934
20706;21158
20706;21382
20706;21382
20706;21830
20706;21830
20706;22054
20706;22278
20706;22278
20706;22726
20706;22726
20706;22950
22946;24738
22946;20710
22946;20934
22946;21158
22946;21382
22946;21382
22946;21830
22946;21830
22946;22054
22946;22278
22946;22278
22946;22726
22946;22726
22946;22950
22946;23174
22946;23398
22946;23622
22946;23622
22946;24070
22946;24294
22946;24742
22946;24966
24738;27202
24738;22726
24738;22726
24738;22950
24738;23174
24738;23398
24738;23622
24738;23622
24738;24070
24738;24294
24738;24742
24738;24966
24738;25414
24738;25638
24738;26086
24738;26310
24738;26758
27202;28994
27202;24966
27202;25414
27202;25638
27202;26086
27202;26310
27202;26758
27202;26982
27202;27430
27202;27654
27202;28102
27202;28326
27202;28774
27202;28998
27202;29446
28994;26982
28994;27430
28994;27654
28994;28102
28994;28326
28994;28774
28994;28998
28994;29446
28994;29670
28994;30118
28994;30342
28994;30790
28994;31014
7046;7494
7046;7942
7046;8390
7046;8838
7046;9286
7494;7942
7494;8390
7494;8838
7494;9286
7494;9734
7942;8390
7942;8838
7942;9286
7942;9734
7942;10182
8390;8838
8390;9286
8390;9734
8390;10182
8390;10630
8838;9286
8838;9734
8838;10182
8838;10630
8838;10854
9286;9734
9286;10182
9286;10630
9286;10854
9286;11302
9734;10182
9734;10630
9734;10854
9734;11302
9734;11750
10182;10630
10182;10854
10182;11302
10182;11750
10182;12198
10630;10854
10630;11302
10630;11750
10630;12198
10630;12646
10854;11302
10854;11750
10854;12198
10854;12646
10854;13094
11302;11750
11302;12198
11302;12646
11302;13094
11302;13542
11750;12198
11750;12646
11750;13094
11750;13542
11750;13990
12198;12646
12198;13094
12198;13542
12198;13990
12198;14214
12646;13094
12646;13542
12646;13990
12646;14214
12646;14662
13094;13542
13094;13990
13094;14214
13094;14662
13094;15110
13542;13990
13542;14214
13542;14662
13542;15110
13542;15558
13990;14214
13990;14662
13990;15110
13990;15558
13990;16006
14214;14662
14214;15110
14214;15558
14214;16006
14214;16454
14662;15110
14662;15558
14662;16006
14662;16454
14662;16902
15110;15558
15110;16006
15110;16454
15110;16902
15110;17350
15558;16006
15558;16454
15558;16902
15558;17350
15558;17574
16006;16454
16006;16902
16006;17350
16006;17574
16006;18022
16454;16902
16454;17350
16454;17574
16454;18022
16454;18470
16902;17350
16902;17574
16902;18022
16902;18470
16902;18918
17350;17574
17350;18022
17350;18470
17350;18918
17350;19366
17574;18022
17574;18470
17574;18918
17574;19366
17574;19814
17574;20038
18022;18470
18022;18918
18022;19366
18022;19814
18022;20038
18022;20262
18022;20486
18470;18918
18470;19366
18470;19814
18470;20038
18470;20262
18470;20486
18470;20710
18470;20710
18918;19366
18918;19814
18918;20038
18918;20262
18918;20486
18918;20710
18918;20710
18918;20934
18918;21158
18918;21382
19366;19814
19366;20038
19366;20262
19366;20486
19366;20710
19366;20710
19366;20934
19366;21158
19366;21382
19366;21382
19366;21830
19814;20038
19814;20262
19814;20486
19814;20710
19814;20710
19814;20934
19814;21158
19814;21382
19814;21382
19814;21830
19814;21830
19814;22054
20038;20262
20038;20486
20038;20710
20038;20710
20038;20934
20038;21158
20038;21382
20038;21382
20038;21830
20038;21830
20038;22054
20038;22278
20038;22278
20262;20486
20262;20710
20262;20710
20262;20934
20262;21158
20262;21382
20262;21382
20262;21830
20262;21830
20262;22054
20262;22278
20262;22278
20486;20710
20486;20710
20486;20934
20486;21158
20486;21382
20486;21382
20486;21830
20486;21830
20486;22054
20486;22278
20486;22278
20486;22726
20486;22726
20710;20710
20710;20934
20710;21158
20710;21382
20710;21382
20710;21830
20710;21830
20710;22054
20710;22278
20710;22278
20710;22726
20710;22726
20710;22950
20710;20934
20710;21158
20710;21382
20710;21382
20710;21830
20710;21830
20710;22054
20710;22278
20710;22278
20710;22726
20710;22726
20710;22950
20710;23174
20934;21158
20934;21382
20934;21382
20934;21830
20934;21830
20934;22054
20934;22278
20934;22278
20934;22726
20934;22726
20934;22950
20934;23174
20934;23398
21158;21382
21158;21382
21158;21830
21158;21830
21158;22054
21158;22278
21158;22278
21158;22726
21158;22726
21158;22950
21158;23174
21158;23398
21382;21382
21382;21830
21382;21830
21382;22054
21382;22278
21382;22278
21382;22726
21382;22726
21382;22950
21382;23174
21382;23398
21382;23622
21382;23622
21382;21830
21382;21830
21382;22054
21382;22278
21382;22278
21382;22726
21382;22726
21382;22950
21382;23174
21382;23398
21382;23622
21382;23622
21830;21830
21830;22054
21830;22278
21830;22278
21830;22726
21830;22726
21830;22950
21830;23174
21830;23398
21830;23622
21830;23622
21830;24070
21830;22054
21830;22278
21830;22278
21830;22726
21830;22726
21830;22950
21830;23174
21830;23398
21830;23622
21830;23622
21830;24070
21830;24294
22054;22278
22054;22278
22054;22726
22054;22726
22054;22950
22054;23174
22054;23398
22054;23622
22054;23622
22054;24070
22054;24294
22278;22278
22278;22726
22278;22726
22278;22950
22278;23174
22278;23398
22278;23622
22278;23622
22278;24070
22278;24294
22278;24742
22278;22726
22278;22726
22278;22950
22278;23174
22278;23398
22278;23622
22278;23622
22278;24070
22278;24294
22278;24742
22726;22726
22726;22950
22726;23174
22726;23398
22726;23622
22726;23622
22726;24070
22726;24294
22726;24742
22726;24966
22726;22950
22726;23174
22726;23398
22726;23622
22726;23622
22726;24070
22726;24294
22726;24742
22726;24966
22950;23174
22950;23398
22950;23622
22950;23622
22950;24070
22950;24294
22950;24742
22950;24966
22950;25414
23174;23398
23174;23622
23174;23622
23174;24070
23174;24294
23174;24742
23174;24966
23174;25414
23398;23622
23398;23622
23398;24070
23398;24294
23398;24742
23398;24966
23398;25414
23398;25638
23622;23622
23622;24070
23622;24294
23622;24742
23622;24966
23622;25414
23622;25638
23622;26086
23622;24070
23622;24294
23622;24742
23622;24966
23622;25414
23622;25638
23622;26086
24070;24294
24070;24742
24070;24966
24070;25414
24070;25638
24070;26086
24070;26310
24294;24742
24294;24966
24294;25414
24294;25638
24294;26086
24294;26310
24294;26758
24742;24966
24742;25414
24742;25638
24742;26086
24742;26310
24742;26758
24742;26982
24966;25414
24966;25638
24966;26086
24966;26310
24966;26758
24966;26982
24966;27430
25414;25638
25414;26086
25414;26310
25414;26758
25414;26982
25414;27430
25414;27654
25638;26086
25638;26310
25638;26758
25638;26982
25638;27430
25638;27654
25638;28102
26086;26310
26086;26758
26086;26982
26086;27430
26086;27654
26086;28102
26086;28326
26310;26758
26310;26982
26310;27430
26310;27654
26310;28102
26310;28326
26310;28774
26758;26982
26758;27430
26758;27654
26758;28102
26758;28326
26758;28774
26758;28998
26982;27430
26982;27654
26982;28102
26982;28326
26982;28774
26982;28998
26982;29446
27430;27654
27430;28102
27430;28326
27430;28774
27430;28998
27430;29446
27430;29670
27654;28102
27654;28326
27654;28774
27654;28998
27654;29446
27654;29670
27654;30118
28102;28326
28102;28774
28102;28998
28102;29446
28102;29670
28102;30118
28102;30342
28326;28774
28326;28998
28326;29446
28326;29670
28326;30118
28326;30342
28326;30790
28774;28998
28774;29446
28774;29670
28774;30118
28774;30342
28774;30790
28774;31014
28998;29446
28998;29670
28998;30118
28998;30342
28998;30790
28998;31014
28998;31462
29446;29670
29446;30118
29446;30342
29446;30790
29446;31014
29446;31462
29446;31686
29670;30118
29670;30342
29670;30790
29670;31014
29670;31462
29670;31686
29670;32134
30118;30342
30118;30790
30118;31014
30118;31462
30118;31686
30118;32134
30118;32358
30342;30790
30342;31014
30342;31462
30342;31686
30342;32134
30342;32358
30342;32806
30790;31014
30790;31462
30790;31686
30790;32134
30790;32358
30790;32806
30790;33030
30790;33256
31014;31462
31014;31686
31014;32134
31014;32358
31014;32806
31014;33030
31014;33256
31462;31686
31462;32134
31462;32358
31462;32806
31462;33030
31462;33256
31686;32134
31686;32358
31686;32806
31686;33030
31686;33256
32134;32358
32134;32806
32134;33030
32134;33256
32358;32806
32358;33030
32358;33256
32806;33030
32806;33256
33030;33256
33256;33490
7506;9522
7506;7964
9522;13106
9522;9756
13106;21394
13106;11772
13106;14460
21394;22738
21394;22290
21394;23858
22738;22290
22738;23858
22290;23858
23858;25650
25650;27218
27218;29010
29010;31250
29010;30357
29010;29468
31250;33490
31250;30357
31250;32149
31250;31484
31250;32604
33490;32149
33490;33717
33490;32604
33490;33948
30357;32149
30357;29468
30357;31484
32149;33717
32149;31484
32149;32604
32149;33948
33717;32604
33717;33948
7964;9756
7964;7969
7964;9985
9756;11772
9756;7969
9756;9985
9756;11329
11772;14460
11772;9985
11772;11329
11772;13793
14460;15804
14460;13793
15804;18492
15804;13793
18492;29468
29468;31484
31484;32604
31484;32161
32604;33948
32604;32161
32604;33953
33948;32161
33948;33953
7969;9985
7969;7751
9985;11329
11329;13793
13793;32161
32161;33953
7751;7309
7751;9101
7309;9101
7309;7763
9101;11565
9101;7763
9101;10003
11565;12685
11565;10003
11565;12019
12685;29933
12685;12019
29933;31501
31501;33069
33069;35085
33069;33747
35085;33747
35085;35315
7763;10003
7763;7769
7763;9785
10003;12019
10003;9785
12019;33747
33747;35315
7769;9785
7769;7550
7769;9566
9785;9566
9785;11134
7550;9566
7550;7333
7550;9349
7550;7338
7550;7786
9566;11134
9566;9349
9566;9354
9566;9578
11134;29727
11134;9349
11134;11813
11134;10698
11134;11146
29727;31967
29727;31077
29727;29066
29727;29514
29727;29962
29727;30186
31967;33983
31967;31077
31967;32645
31967;31754
31967;32202
31967;32426
33983;35999
33983;32645
33983;34213
33983;33546
33983;33994
33983;34218
33983;34666
35999;34213
35999;36229
35999;35338
35999;35786
35999;36234
7333;9349
7333;6666
7333;7114
7333;7338
7333;7786
7333;8234
7333;8458
7333;8906
7333;9354
7333;9578
9349;11813
9349;7338
9349;7786
9349;8234
9349;8458
9349;8906
9349;9354
9349;9578
9349;10026
9349;10474
9349;10698
9349;11146
9349;11594
11813;14501
11813;10026
11813;10474
11813;10698
11813;11146
11813;11594
11813;11818
11813;12266
11813;12714
11813;12938
11813;13386
11813;13610
11813;14058
14501;16069
14501;12266
14501;12714
14501;12938
14501;13386
14501;13610
14501;14058
14501;14506
14501;14730
14501;15178
14501;15626
14501;15850
14501;16298
14501;16746
16069;31077
16069;14058
16069;14506
16069;14730
16069;15178
16069;15626
16069;15850
16069;16298
16069;16746
16069;16970
16069;17418
16069;17866
16069;18090
31077;32645
31077;28842
31077;29066
31077;29514
31077;29962
31077;30186
31077;30634
31077;31082
31077;31306
31077;31754
31077;32202
31077;32426
31077;32874
31077;33098
32645;34213
32645;30634
32645;31082
32645;31306
32645;31754
32645;32202
32645;32426
32645;32874
32645;33098
32645;33546
32645;33994
32645;34218
32645;34666
32645;34667
34213;36229
34213;32202
34213;32426
34213;32874
34213;33098
34213;33546
34213;33994
34213;34218
34213;34666
34213;35114
34213;35338
34213;35786
34213;36234
34213;34667
34213;35115
34213;35563
34213;36011
36229;34218
36229;34666
36229;35114
36229;35338
36229;35786
36229;36234
36229;34667
36229;35115
36229;35563
36229;36011
36229;36907
6666;7114
6666;7338
6666;7786
6666;8234
6666;8458
6666;8906
7114;7338
7114;7786
7114;8234
7114;8458
7114;8906
7114;9354
7338;7786
7338;8234
7338;8458
7338;8906
7338;9354
7338;9578
7786;8234
7786;8458
7786;8906
7786;9354
7786;9578
7786;10026
8234;8458
8234;8906
8234;9354
8234;9578
8234;10026
8234;10474
8458;8906
8458;9354
8458;9578
8458;10026
8458;10474
8458;10698
8906;9354
8906;9578
8906;10026
8906;10474
8906;10698
8906;11146
9354;9578
9354;10026
9354;10474
9354;10698
9354;11146
9354;11594
9578;10026
9578;10474
9578;10698
9578;11146
9578;11594
9578;11818
10026;10474
10026;10698
10026;11146
10026;11594
10026;11818
10026;12266
10474;10698
10474;11146
10474;11594
10474;11818
10474;12266
10474;12714
10698;11146
10698;11594
10698;11818
10698;12266
10698;12714
10698;12938
11146;11594
11146;11818
11146;12266
11146;12714
11146;12938
11146;13386
11594;11818
11594;12266
11594;12714
11594;12938
11594;13386
11594;13610
11818;12266
11818;12714
11818;12938
11818;13386
11818;13610
11818;14058
12266;12714
12266;12938
12266;13386
12266;13610
12266;14058
12266;14506
12714;12938
12714;13386
12714;13610
12714;14058
12714;14506
12714;14730
12938;13386
12938;13610
12938;14058
12938;14506
12938;14730
12938;15178
13386;13610
13386;14058
13386;14506
13386;14730
13386;15178
13386;15626
13610;14058
13610;14506
13610;14730
13610;15178
13610;15626
13610;15850
14058;14506
14058;14730
14058;15178
14058;15626
14058;15850
14058;16298
14506;14730
14506;15178
14506;15626
14506;15850
14506;16298
14506;16746
14730;15178
14730;15626
14730;15850
14730;16298
14730;16746
14730;16970
15178;15626
15178;15850
15178;16298
15178;16746
15178;16970
15178;17418
15626;15850
15626;16298
15626;16746
15626;16970
15626;17418
15626;17866
15850;16298
15850;16746
15850;16970
15850;17418
15850;17866
15850;18090
16298;16746
16298;16970
16298;17418
16298;17866
16298;18090
16298;18538
16746;16970
16746;17418
16746;17866
16746;18090
16746;18538
16746;18986
16970;17418
16970;17866
16970;18090
16970;18538
16970;18986
16970;19210
17418;17866
17418;18090
17418;18538
17418;18986
17418;19210
17418;19658
17866;18090
17866;18538
17866;18986
17866;19210
17866;19658
17866;20106
18090;18538
18090;18986
18090;19210
18090;19658
18090;20106
18090;20330
18538;18986
18538;19210
18538;19658
18538;20106
18538;20330
18538;20778
18986;19210
18986;19658
18986;20106
18986;20330
18986;20778
18986;21226
19210;19658
19210;20106
19210;20330
19210;20778
19210;21226
19210;21450
19658;20106
19658;20330
19658;20778
19658;21226
19658;21450
19658;21898
19658;22122
20106;20330
20106;20778
20106;21226
20106;21450
20106;21898
20106;22122
20106;22570
20330;20778
20330;21226
20330;21450
20330;21898
20330;22122
20330;22570
20330;22794
20778;21226
20778;21450
20778;21898
20778;22122
20778;22570
20778;22794
20778;23242
21226;21450
21226;21898
21226;22122
21226;22570
21226;22794
21226;23242
21226;23690
21450;21898
21450;22122
21450;22570
21450;22794
21450;23242
21450;23690
21450;23914
21898;22122
21898;22570
21898;22794
21898;23242
21898;23690
21898;23914
22122;22570
22122;22794
22122;23242
22122;23690
22122;23914
22122;24362
22570;22794
22570;23242
22570;23690
22570;23914
22570;24362
22570;24810
22794;23242
22794;23690
22794;23914
22794;24362
22794;24810
22794;25034
23242;23690
23242;23914
23242;24362
23242;24810
23242;25034
23242;25482
23690;23914
23690;24362
23690;24810
23690;25034
23690;25482
23690;25706
23914;24362
23914;24810
23914;25034
23914;25482
23914;25706
23914;26154
24362;24810
24362;25034
24362;25482
24362;25706
24362;26154
24362;26602
24810;25034
24810;25482
24810;25706
24810;26154
24810;26602
24810;26826
25034;25482
25034;25706
25034;26154
25034;26602
25034;26826
25034;27274
25482;25706
25482;26154
25482;26602
25482;26826
25482;27274
25482;27722
25706;26154
25706;26602
25706;26826
25706;27274
25706;27722
25706;27946
26154;26602
26154;26826
26154;27274
26154;27722
26154;27946
26154;28394
26602;26826
26602;27274
26602;27722
26602;27946
26602;28394
26602;28842
26826;27274
26826;27722
26826;27946
26826;28394
26826;28842
26826;29066
27274;27722
27274;27946
27274;28394
27274;28842
27274;29066
27274;29514
27722;27946
27722;28394
27722;28842
27722;29066
27722;29514
27722;29962
27946;28394
27946;28842
27946;29066
27946;29514
27946;29962
27946;30186
28394;28842
28394;29066
28394;29514
28394;29962
28394;30186
28394;30634
28842;29066
28842;29514
28842;29962
28842;30186
28842;30634
28842;31082
29066;29514
29066;29962
29066;30186
29066;30634
29066;31082
29066;31306
29514;29962
29514;30186
29514;30634
29514;31082
29514;31306
29514;31754
29962;30186
29962;30634
29962;31082
29962;31306
29962;31754
29962;32202
30186;30634
30186;31082
30186;31306
30186;31754
30186;32202
30186;32426
30634;31082
30634;31306
30634;31754
30634;32202
30634;32426
30634;32874
31082;31306
31082;31754
31082;32202
31082;32426
31082;32874
31082;33098
31306;31754
31306;32202
31306;32426
31306;32874
31306;33098
31306;33546
31754;32202
31754;32426
31754;32874
31754;33098
31754;33546
31754;33994
32202;32426
32202;32874
32202;33098
32202;33546
32202;33994
32202;34218
32426;32874
32426;33098
32426;33546
32426;33994
32426;34218
32426;34666
32426;34667
32874;33098
32874;33546
32874;33994
32874;34218
32874;34666
32874;35114
32874;34667
32874;35115
33098;33546
33098;33994
33098;34218
33098;34666
33098;35114
33098;35338
33098;34667
33098;35115
33098;35563
33546;33994
33546;34218
33546;34666
33546;35114
33546;35338
33546;35786
33546;34667
33546;35115
33546;35563
33994;34218
33994;34666
33994;35114
33994;35338
33994;35786
33994;36234
33994;34667
33994;35115
33994;35563
33994;36011
34218;34666
34218;35114
34218;35338
34218;35786
34218;36234
34218;34667
34218;35115
34218;35563
34218;36011
34666;35114
34666;35338
34666;35786
34666;36234
34666;34667
34666;35115
34666;35563
34666;36011
34666;36907
35114;35338
35114;35786
35114;36234
35114;34667
35114;35115
35114;35563
35114;36011
35114;36907
35338;35786
35338;36234
35338;34667
35338;35115
35338;35563
35338;36011
35338;36907
35786;36234
35786;34667
35786;35115
35786;35563
35786;36011
35786;36907
36234;34667
36234;35115
36234;35563
36234;36011
36234;36907
34667;35115
34667;35563
34667;36011
34667;36907
35115;35563
35115;36011
35115;36907
35563;36011
35563;36907
36011;36907
